  0   0   0 
  9  12  15 
 17  18  20 
 23  23  24 
 27  27  28 
 31  31  32 
 35  35  35 
 38  38  38 
 40  41  41 
 43  44  44 
 45  46  47 
 48  49  49 
 50  51  52 
 52  53  54 
 54  55  56 
 55  57  57 
 57  59  59 
 58  60  61 
 60  62  62 
 61  64  64 
 63  65  66 
 64  67  67 
 66  69  69 
 67  70  70 
 69  72  72 
 70  73  73 
 72  75  75 
 73  76  76 
 75  78  78 
 76  79  79 
 77  81  81 
 79  82  82 
 80  83  84 
 81  84  85 
 82  86  86 
 84  87  87 
 85  88  89 
 86  89  90 
 87  90  91 
 88  91  92 
 89  92  93 
 90  93  95 
 91  94  96 
 92  95  97 
 93  96  99 
 94  97 100 
 95  98 101 
 96 100 103 
 97 101 104 
 98 102 105 
 99 103 107 
100 104 108 
102 105 109 
103 106 110 
104 108 111 
105 109 112 
106 110 113 
107 111 114 
108 112 115 
110 114 117 
111 115 118 
112 116 119 
113 117 120 
114 117 121 
115 118 122 
116 119 123 
117 120 123 
117 121 124 
118 122 125 
119 123 126 
120 123 127 
121 124 128 
122 125 129 
123 126 130 
123 127 131 
124 127 132 
125 128 133 
126 129 134 
127 130 135 
128 131 136 
129 132 137 
130 133 138 
131 134 138 
132 135 139 
133 136 140 
134 137 141 
135 138 142 
135 139 143 
136 140 144 
137 140 145 
138 141 146 
139 142 147 
140 143 148 
141 144 149 
142 145 150 
143 146 151 
143 147 153 
144 148 154 
145 149 155 
146 149 156 
147 150 157 
147 151 158 
148 152 159 
149 153 159 
150 154 160 
151 155 161 
152 155 162 
152 156 163 
153 157 164 
154 158 164 
155 159 165 
156 160 166 
157 160 167 
157 161 167 
158 162 168 
159 163 169 
160 163 169 
160 164 170 
161 165 171 
162 165 171 
163 166 172 
163 167 173 
164 168 173 
165 168 174 
165 169 175 
166 170 175 
167 170 176 
167 171 177 
168 172 177 
169 172 178 
169 173 179 
170 174 179 
171 174 180 
171 175 181 
172 176 182 
173 176 182 
174 177 183 
174 178 184 
175 179 185 
176 179 186 
177 180 186 
178 181 187 
178 181 188 
179 182 189 
180 183 190 
181 184 190 
182 185 191 
182 185 192 
183 186 193 
184 187 193 
185 188 194 
185 188 195 
186 189 195 
187 190 196 
188 191 197 
188 191 197 
189 192 198 
190 193 198 
190 193 199 
191 194 200 
192 195 200 
192 195 201 
193 196 202 
194 196 202 
194 197 203 
195 198 203 
196 198 204 
196 199 205 
197 199 205 
197 200 206 
198 201 206 
199 201 207 
199 202 208 
200 202 208 
200 203 209 
201 204 210 
202 204 210 
202 205 211 
203 205 212 
203 206 212 
204 207 213 
205 207 214 
205 208 215 
206 209 215 
206 209 216 
207 210 217 
207 211 218 
208 211 218 
209 212 219 
209 213 220 
210 214 220 
211 214 221 
211 215 222 
212 216 222 
213 217 223 
213 218 223 
214 218 224 
215 219 224 
216 220 225 
217 221 225 
217 221 226 
218 222 226 
219 222 227 
220 223 227 
221 224 228 
221 224 228 
222 225 229 
223 225 229 
223 226 229 
224 226 230 
224 227 230 
225 227 231 
226 228 231 
226 228 232 
227 228 232 
227 229 233 
228 229 233 
228 230 234 
229 230 234 
229 231 235 
230 231 235 
230 232 236 
231 232 236 
231 233 237 
232 233 237 
232 234 238 
233 235 239 
234 235 239 
234 236 240 
235 237 240 
235 238 241 
236 238 242 
237 239 242 
238 240 243 
238 241 244 
239 242 244 
240 243 245 
241 244 246 
242 245 246 
243 246 247 
244 246 247 
245 247 248 
246 248 249 
247 249 249 
247 249 250 
248 250 250 
249 251 251 
250 251 251 
251 252 252 
251 252 252 
252 253 253 
253 253 253 
253 254 254 
254 254 254 
254 255 255 
255 255 255 
